4.00	36.42   0.52	0.57	
3.80	36.50   0.15	0.57	
3.60	36.60   0.15	0.57	
3.40	36.37   0.14	0.57	
3.20	36.24   0.14	0.56	
3.00	36.07   0.13	0.56	
2.80	35.79   0.13	0.56	
2.60	35.58   0.09	0.55	
2.40	35.29   0.09	0.55	
2.20	34.91   0.08	0.54	
2.00	34.50   0.08	0.54	
1.80	34.12   0.07	0.53	
1.60	33.61   0.07	0.52	
1.40	32.92   0.07	0.51	
1.20	32.34   0.06	0.51	
1.00	31.60   0.06	0.49	
0.96	31.45   0.04	0.49	
0.88	31.10   0.03	0.49	
0.80	30.72   0.03	0.48	
0.68	29.95   0.03	0.47	
0.60	29.07   0.03	0.46	
0.48	27.29   0.02	0.43	
0.40	25.62   0.02	0.40	
0.32	24.62   0.01	0.39	
0.30	23.42   0.01	0.37	
0.24	20.48   0.01	0.33	
0.20	17.27   0.01	0.28	
0.15	12.24   0.01	0.20
0.12	7.65	0.01    0.13
0.10	4.87	0.01    0.09
0.05	0.74	0.01    0.03